1683439573.7529986
1683439573.7898865
1683439573.8251386
1683439573.8603234
1683439573.8957543
1683439575.370126
1683439575.4053783
1683439575.4437723
1683439575.4803379
1683439576.7173471
1683439576.7521744
1683439576.7888684
1683439578.22998
1683439578.266187
1683439578.302981
1683439579.6092205
1683439579.644422
1683439579.6807685
1683439579.716613
1683439579.7543318
1683439584.552451
1683439584.5883303
1683439584.624438
1683439584.6613183
1683439585.3473923
1683439585.382902
1683439585.420637
1683439585.457678
1683439586.3832715
1683439586.4179952
1683439586.4549453
1683439587.212311
1683439587.2489083
1683439587.2855258
1683439587.3225708
1683439588.3880587
1683439588.4241135
1683439588.4617815
