1683439456.3909101
1683439456.4281867
1683439456.4632256
1683439456.4995306
1683439456.5367799
1683439456.573605
1683439456.6094477
1683439456.6470764
1683439456.683334
1683439456.7214086
1683439456.757931
1683439456.7952855
1683439456.830553
1683439456.8663988
1683439456.9056337
1683439456.9425216
1683439463.2769437
1683439463.3133252
1683439463.3506315
1683439463.386112
1683439465.8383434
1683439465.8785632
1683439465.9145048
1683439466.5025623
1683439466.54065
1683439467.2327242
1683439467.271139
1683439467.3058891
1683439467.899157
1683439467.9341784
1683439468.5908895
1683439469.219291
1683439469.2568998
1683439469.8817234
1683439469.9172876
1683439471.0189214
1683439471.0551057
1683439471.1017244
